1111111111111111111111111111
1000000000000110000000000001
101111011111011011111*111101
1011110111110110111110111101
1011110111110110111110111101
100000000000000*000000000001
1011110110111111110110111101
1011110110111111110110111101
10000*0110000110000110000001
1011110111110110111110111101
1011110111110110111110111101
1011110110000000000110111101
1011110110111111110110111101
1*11110110111111110110111101
1011110000111111110000111101
1011110110000000000110111101
1011110110111111110110111101
10000000000001100000000000*1
1011110111110110111110111101
1011110111110110111110111101
10001100000000P0000000110001
1110110110111111110110110111
1110110110111111110110110111
10G0000110000110000110000001
1011111111110110111111111101
1011111111110110111111111101
100000000000000000000000G001
1111111111111111111111111111